NAME	= Aspect
DESCRIPTION	= 
UNIT	= Radians
DATAFORMAT	= FLOAT
DATAFILE_OFFSET	= 0
BYTEORDER_BIG	= FALSE
TOPTOBOTTOM	= FALSE
POSITION_XMIN	= 836810.6250000000
POSITION_YMIN	= 7582892.5000000000
CELLCOUNT_X	= 132
CELLCOUNT_Y	= 129
CELLSIZE	= 12.5000000000
Z_FACTOR	= 1.000000
Z_OFFSET	= 0.000000
NODATA_VALUE	= -99999.000000
